1 75.325 0.013232749054580927 91.3 0.30547198791503904
2 88.29 0.006090534975131353 92.77 0.2413184783935547
3 90.10166666666667 0.005152428002407153 93.83 0.20969308319091798
4 91.09333333333333 0.004714393149440488 94.36 0.1927076431274414
5 91.76 0.004423659776027004 94.78 0.183310107421875
6 91.87666666666667 0.004273779962584376 94.9 0.17654043884277343
7 92.12333333333333 0.004124124505619208 94.93 0.17210704193115234
8 92.31333333333333 0.004067763010784983 95.0 0.16952871704101563
9 92.47833333333334 0.004019732550283273 95.09 0.1676955551147461
10 92.38 0.004013547777694961 95.15 0.1663218475341797
11 92.60166666666667 0.003917434510091941 95.12 0.1654617401123047
12 92.61833333333334 0.003939959760631124 95.16 0.16484649353027345
13 92.64333333333333 0.0039243003293251 95.17 0.16453417663574219
14 92.48166666666667 0.003955448461261888 95.16 0.16407515106201173
15 92.56666666666666 0.003908248484507203 95.15 0.16384350128173827
