1 78.79 0.011423000347614289 91.91 0.2837065032958984
2 89.51 0.005554546148578326 93.7 0.2159754379272461
3 91.12333333333333 0.004723321461305022 94.4 0.18848982238769532
4 91.92333333333333 0.0042655468756333 94.79 0.17409132843017577
5 92.435 0.004007826058504482 95.07 0.16475775680541993
6 92.705 0.0038636470663050812 95.29 0.15898840637207032
7 92.90333333333334 0.0037817814271276194 95.39 0.1546990982055664
8 93.165 0.0036667221310238045 95.43 0.15194423675537108
9 93.29833333333333 0.003589245624591907 95.45 0.15002145385742188
10 93.17166666666667 0.003603429211055239 95.5 0.14910098266601562
11 93.275 0.0035589426174759864 95.53 0.14821728439331056
12 93.26166666666667 0.003524110168032348 95.56 0.14757745513916015
13 93.38166666666666 0.0035363645195340115 95.58 0.1471347427368164
14 93.37166666666667 0.003525514502202471 95.59 0.14689203186035157
15 93.435 0.0035447809697439275 95.59 0.14675921936035155
