1 77.575 0.01204856853907307 91.16 0.3043035552978516
2 88.67666666666666 0.006050625611344973 92.79 0.24592790832519532
3 90.10833333333333 0.0052416118076692025 93.69 0.21519247436523437
4 90.87333333333333 0.004804218275845051 94.14 0.19885051727294922
5 91.7 0.004511151950930555 94.23 0.19107749633789062
6 91.79166666666667 0.004367973844458659 94.52 0.18502723388671874
7 91.99666666666667 0.004261647778501113 94.58 0.1806118133544922
8 92.20333333333333 0.004188915663336714 94.76 0.1776274139404297
9 92.225 0.004131602815414468 94.8 0.17584981536865235
10 92.31666666666666 0.004099912347706656 94.77 0.17452532196044923
11 92.33166666666666 0.004089457232008378 94.88 0.1734624740600586
12 92.24166666666666 0.004113769047458966 94.88 0.17285509185791015
13 92.42333333333333 0.004078267147454123 94.86 0.17240270538330077
14 92.35833333333333 0.004052555636068185 94.85 0.17210692749023437
15 92.39166666666667 0.004085613060866793 94.86 0.17183834533691406
